./aligned_img\Kiet\462556850_1244574103322242_2254041689434405517_n.png 110 678 574 1266
./aligned_img\Kiet\462571703_598067076096124_7269972140548760514_n.png 13 472 624 1260
./aligned_img\Kiet\462578334_2236577523382093_4006070294375610999_n.png 92 504 610 1164
./aligned_img\Kiet\462581172_1633849530607795_828541115768742380_n.png 93 438 632 1113
./aligned_img\Kiet\462584362_595028179562979_806950977133603913_n.png 77 592 581 1207
./aligned_img\Kiet\462585099_2246843935695555_1805527203235304723_n.png 82 546 591 1196
./aligned_img\Kiet\467710858_1106176980959877_1520120312528723990_n.png 119 503 652 1152
./aligned_img\Kiet\470050796_477975485309950_2097530060365034641_n.png 150 529 626 1133
./aligned_img\Kiet\470050826_1153316576154371_3381691242107399222_n.png 54 445 608 1112
./aligned_img\Kiet\470051382_2004833399965121_7330272681566767670_n.png 46 548 526 1164
./aligned_img\Kiet\470053525_3954127434840876_2299283786542881422_n.png 84 523 614 1211
